23273092
23283094
23303092
23323094
23323105
23333090
23343095
23343103
23373096
23383098
23413099
23463093
23473094
23483091
23493099
23523099
23543087
23593099
23593103
23603089
23603095
23603096
23623093
23623098
23623105
23633092
23633101
23633103
23653093
23653095
23663086
23663087
23683095
23693101
23723093
23723102
23733096
23753091
23783105
23823099
23843091
23853099
23863090
23863092
23863100
23893100
23913095
23943093
23943094
23943098
23963089
23983088
23993101
23993102
23993107
24013092
24033089
24033095
24043086
24043092
24043096
24053099
24063107
24063109
24063116
24073095
24083099
24093098
24103091
24123091
24133085
24153098
24173093
24173097
24183105
24193091
24233094
24243102
24263099
24283095
24293091
24293104
24303100
24333092
24343096
24353098
24383088
24383103
24393099
24433097
24463090
24473093
24493092
24503094
24523103
24563094
24563097
24563098
24593096
24623087
24643092
24663093
24683089
24683093
24683098
24703099
24713097
24723105
24763093
24783092
24783093
24823091
24843100
24843106
24843108
24853094
24883100
24893089
24893096
24903097
24933089
24953092
24983087
24983093
24993096
25003100
25013088
25033096
25043088
25043093
25043095
25063097
25083091
25093088
25093090
25093094
25093096
